012345120534435021301452543210254103
012345120534435021351402543210204153
012345120534543210251403304152435021
012345120534543210351402204153435021
012345123504405213231450540132354021
012345123504435210201453540132354021
012345125034304152430521543210251403
012345125034354102430521543210201453
012345125034543210251403304152430521
012345125034543210351402204153430521
012345130524254103543210301452425031
012345130524354102543210201453425031
012345130524425031201453543210354102
012345130524425031251403543210304152
012345135024204153420531543210351402
012345135024254103420531543210301452
012345135024254103543210301452420531
012345135024354102543210201453420531
012345135204304152423510541023250431
012345135204324150403512541023250431
012345143502205413431250520134354021
012345143502235410401253520134354021
012345145203403152324510531024250431
012345145203423150304512531024250431
012345150234243051501423324510435102
012345150234543021201453324510435102
012345153024304152540231235410421503
012345153024504132340251235410421503
012345153420304152540231235014421503
012345153420504132340251235014421503
012345154230243051501423320514435102
012345154230543021201453320514435102
012345245031351402530214423150104523
012345245031531402350214423150104523
012345245130351402530214423051104523
012345245130531402350214423051104523
012345251403304152543210120534435021
012345251403304152543210125034430521
012345251403543210304152430521125034
012345251403543210304152435021120534
012345253014304251540132135420421503
012345253014504231340152135420421503
012345253410304251540132135024421503
012345253410504231340152135024421503
012345254103301452543210420531135024
012345254103301452543210425031130524
012345254103543210301452130524425031
012345254103543210301452135024420531
012345340521253014524103431250105432
012345340521523014254103431250105432
012345341520253014524103430251105432
012345341520523014254103430251105432
012345350214241053503421124530435102
012345350214541023203451124530435102
012345351402204153543210120534435021
012345351402204153543210125034430521
012345351402543210204153430521125034
012345351402543210204153435021120534
012345354102201453543210420531135024
012345354102201453543210425031130524
012345354102543210201453130524425031
012345354102543210201453135024420531
012345354210241053503421120534435102
012345354210541023203451120534435102
012345420531135024301452543210254103
012345420531135024351402543210204153
012345420531543210254103301452135024
012345420531543210354102201453135024
012345425013351402143520504231230154
012345425013351420143502504231230154
012345425031153402341520504213230154
012345425031153420341502504213230154
012345425031304152130524543210251403
012345425031351204530412243150104523
012345425031354102130524543210201453
012345425031531204350412243150104523
012345425031543210254103301452130524
012345425031543210354102201453130524
012345425130351204530412243051104523
012345425130531204350412243051104523
012345430512145203254130503421321054
012345430512145230254103503421321054
012345430521125034201453543210354102
012345430521125034251403543210304152
012345430521245103154230503412321054
012345430521245130154203503412321054
012345430521251403543210304152125034
012345430521254013523104341250105432
012345430521351402543210204153125034
012345430521524013253104341250105432
012345431520254013523104340251105432
012345431520524013253104340251105432
012345435021204153120534543210351402
012345435021251403543210304152120534
012345435021254103120534543210301452
012345435021351402543210204153120534
012345523104405213231450140532354021
012345523104435210201453140532354021
012345524013351402143520405231230154
012345524013351420143502405231230154
012345524031153402341520405213230154
012345524031153420341502405213230154
012345530412145203254130403521321054
012345530412145230254103403521321054
012345530421245103154230403512321054
012345530421245130154203403512321054
012345531204304152423510145023250431
012345531204324150403512145023250431
012345541203403152324510135024250431
012345541203423150304512135024250431
012345543102205413431250120534354021
012345543102235410401253120534354021
012345543210125034304152430521251403
012345543210125034354102430521201453
012345543210135024204153420531351402
012345543210135024254103420531301452
012345543210201453130524425031354102
012345543210201453430521125034354102
012345543210251403130524425031304152
012345543210251403430521125034304152
012345543210301452120534435021254103
012345543210301452420531135024254103
012345543210351402120534435021204153
012345543210351402420531135024204153
012345543210425031304152130524251403
012345543210425031354102130524201453
012345543210435021204153120534351402
012345543210435021254103120534301452
